# SAM phoneme formant-frequency table
#
# Source: src/RenderTabs.h (freq1data..ampl3data),
#         src/SamTabs.h (signInputTable1/2)
#
# f_Hz = (phase_increment * 22050) / 256
#   (sine table = one full cycle in 256 samples; sample rate 22050 Hz)
#
# Note: the data arrays contain 80 entries, the name tables 81.
#       Table below has 81 rows; missing entries are padded with 0.
#
# Index  Name      F1(Hz)   F2(Hz)   F3(Hz)    A1   A2   A3
# -----  --------  -------  -------  -------  ---- ---- ----
    0                0.0      0.0      0.0     0    0    0
    1  .          1636.5   5770.9   7838.1     0    0    0
    2  ?          1636.5   5770.9   7838.1     0    0    0
    3  ,          1636.5   5770.9   7838.1     0    0    0
    4  -          1636.5   5770.9   7838.1     0    0    0
    5  IY          861.3   7235.2   9474.6    13   10    8
    6  IH         1205.9   6201.6   8010.4    13   11    7
    7  EH         1550.4   5684.8   7838.1    14   13    8
    8  AE         2067.2   5340.2   7579.7    15   14    8
    9  AA         2239.5   3445.3   7665.8    15   13    1
   10  AH         1894.9   3789.8   7493.6    15   12    1
   11  AO         1722.7   2584.0   7579.7    15   12    0
   12  UH         1378.1   3100.8   7062.9    15   11    1
   13  AX         1722.7   3789.8   7665.8    12    9    0
   14  IX         1205.9   6201.6   8010.4    13   11    7
   15  ER         1550.4   4134.4   5340.2    12   11    5
   16  UX         1205.9   3100.8   7062.9    15   12    1
   17  OH         1550.4   2584.0   7579.7    15   12    0
   18  RX         1550.4   4306.6   5340.2    13   12    6
   19  LX         1378.1   3100.8   9474.6    13    8    1
   20  WX         1033.6   2411.7   6890.6    13    8    0
   21  YX         1205.9   5857.0   8010.4    14   12    7
   22  WH          861.3   2067.2   7752.0    13    8    0
   23  R          1550.4   4306.6   5168.0    12   10    5
   24  L          1205.9   2584.0   9474.6    13    8    1
   25  W           861.3   2067.2   7752.0    13    8    0
   26  Y           689.1   7062.9   9474.6    13   10    8
   27  M           516.8   3962.1   6976.8    12    3    0
   28  N           516.8   4651.2  10422.1     9    9    0
   29  NX          516.8   7407.4   8699.4     9    6    3
   30  DX          516.8   4651.2  10422.1     0    0    0
   31  Q          1464.3   5770.9   7838.1     0    0    0
   32  S           516.8   6287.7   8527.1     0    0    0
   33  SH          516.8   6804.5   9130.1     0    0    0
   34  F           516.8   2239.5   6976.8     0    0    0
   35  TH          516.8   5684.8  10422.1     0    0    0
   36  /H         1205.9   6287.7   8010.4     0    0    0
   37  /X         1378.1   3186.9   7062.9     0    0    0
   38  Z           775.2   4392.8   8010.4    11    3    0
   39  ZH          861.3   5684.8   8871.7    11    5    1
   40  V           689.1   3445.3   6546.1    11    3    0
   41  DH          861.3   4048.2   8010.4    11    4    0
   42  CH          516.8   6804.5   8699.4     0    0    0
   43              516.8   6804.5   8699.4     0    0    0
   44  J           516.8   5684.8  10422.1     1    0    0
   45              430.7   6804.5   8699.4    11    5    1
   46              516.8   9474.6  10422.1     0   10   14
   47                0.0      0.0      0.0     2    2    1
   48  EY         1550.4   6201.6   7752.0    14   14    9
   49  AY         2239.5   3273.0   7579.7    15   13    1
   50  OY         1722.7   2584.0   7579.7    15   12    0
   51  AW         2239.5   3617.6   7579.7    15   13    1
   52  OW         1550.4   2584.0   7579.7    15   12    0
   53  UW         1033.6   2928.5   7062.9    13    8    0
   54  B           516.8   2239.5   6976.8     2    0    0
   55              516.8   2239.5   6976.8     4    1    0
   56              516.8   2239.5   6976.8     0    0    0
   57  D           516.8   5684.8  10422.1     2    0    0
   58              516.8   5684.8  10422.1     4    1    0
   59              516.8   5684.8  10422.1     0    0    0
   60  G           516.8   9474.6   9646.9     1    0    0
   61              516.8   9474.6   9474.6     4    1    0
   62              516.8   9474.6   9474.6     0    0    0
   63  GX          516.8   7235.2   8096.5     1    0    0
   64              516.8   7235.2   8096.5     4    1    0
   65              516.8   7235.2   8096.5     0    0    0
   66  P           516.8   2239.5   6976.8     0    0    0
   67              516.8   2239.5   6976.8     0    0    0
   68              516.8   2239.5   6976.8     0    0    0
   69  T           516.8   5684.8  10422.1     0    0    0
   70              516.8   5684.8  10422.1     0    0    0
   71              516.8   5684.8  10422.1     0    0    0
   72  K           516.8   9388.5   8699.4     0    0    0
   73              861.3   7407.4   8699.4    12   10    7
   74              861.3   9388.5   9646.9     0    0    0
   75  KX          516.8   7235.2   8096.5     0    0    0
   76              516.8   7235.2   8096.5     0   10    5
   77              516.8   7235.2   8096.5     0    0    0
   78  UL         3789.8  10938.9    689.1    15    0   19
   79  UM         1636.5  10938.9     86.1    15    0   16
   80  UN            0.0      0.0      0.0     0    0    0
